   1. Initial Data

     Number of elements:          ieo=  420
     Number of joints:            ilo=  109
     Number of No-design members: ndes=    0
     Number of boundary joints:   icn=   6
     Number of clining-B-Jts:     icn1=   0
     Number of boundary spring:   ks=  0
     Number of bar-materials:     ies=  5
     Number of bar-sections:      ifs=  9
     Permitted slenderness ratio: rlm= 250.00
     Unit system number:          kunit= 3
     Number of stability types:   nka= 3

     Multi-materials:
        No    fy(N/mm2)   fd(N/mm2)    E(N/mm2)
         1     235.000     215.000    .20600E+06
         2     345.000     310.000    .20600E+06
         3     390.000     350.000    .20600E+06
         4     175.000     150.000    .10000E+06
         5     175.000     150.000    .10000E+06

     stability type:
         1     1,
         2     2,
         3     3,

     Ks(kN/mm)=


     Node  Coordinate
    No      X(m)       Y(m)       Z(m)      No      X(m)       Y(m)       Z(m)
     1    -4.9400    -8.5600      .1600      2    -3.7500    -6.4400      .0900
     3    -2.5000    -8.5600      .1300      4    -1.2500    -6.4400      .0700
     5      .0000    -8.5600      .1200      6     1.2500    -6.4400      .0700
     7     2.5000    -8.5600      .1300      8     3.7500    -6.4400      .0900
     9     4.9400    -8.5600      .1600     10    -6.1900    -6.4400      .1300
    11     6.1900    -6.4400      .1300     12    -5.0000    -4.2800      .0700
    13    -2.5000    -4.2800      .0400     14      .0000    -4.2800      .0300
    15     2.5000    -4.2800      .0400     16     5.0000    -4.2800      .0700
    17    -7.4400    -4.2800      .1200     18     7.4400    -4.2800      .1200
    19    -6.2500    -2.1100      .0700     20    -3.7500    -2.1100      .0300
    21    -1.2500    -2.1100      .0100     22     1.2500    -2.1100      .0100
    23     3.7500    -2.1100      .0300     24     6.2500    -2.1100      .0700
    25    -8.6900    -2.1100      .1300     26     8.6900    -2.1100      .1300
    27    -7.5000      .0000      .0900     28    -5.0000      .0000      .0400
    29    -2.5000      .0000      .0100     30      .0000      .0000      .0000
    31     2.5000      .0000      .0100     32     5.0000      .0000      .0400
    33     7.5000      .0000      .0900     34    -9.9400      .0000      .1700
    35     9.9400      .0000      .1700     36    -8.6900     2.1100      .1300
    37    -6.2500     2.1100      .0700     38    -3.7500     2.1100      .0300
    39    -1.2500     2.1100      .0100     40     1.2500     2.1100      .0100
    41     3.7500     2.1100      .0300     42     6.2500     2.1100      .0700
    43     8.6900     2.1100      .1300     44    -7.4400     4.2800      .1200
    45    -5.0000     4.2800      .0700     46    -2.5000     4.2800      .0400
    47      .0000     4.2800      .0300     48     2.5000     4.2800      .0400
    49     5.0000     4.2800      .0700     50     7.4400     4.2800      .1200
    51    -6.1900     6.4400      .1300     52    -3.7500     6.4400      .0900
    53    -1.2500     6.4400      .0700     54     1.2500     6.4400      .0700
    55     3.7500     6.4400      .0900     56     6.1900     6.4400      .1300
    57    -4.9400     8.5600      .1600     58    -2.5000     8.5600      .1300
    59      .0000     8.5600      .1200     60     2.5000     8.5600      .1300
    61     4.9400     8.5600      .1600     62    -5.0000    -7.2200    -1.0700
    63    -2.5000    -7.2200    -1.1000     64      .0000    -7.2200    -1.1100
    65     2.5000    -7.2200    -1.1000     66     5.0000    -7.2200    -1.0700
    67    -6.2500    -5.0500    -1.0900     68    -3.7500    -5.0500    -1.1300
    69    -1.2500    -5.0500    -1.1500     70     1.2500    -5.0500    -1.1500
    71     3.7500    -5.0500    -1.1300     72     6.2500    -5.0500    -1.0900
    73    -7.5000    -2.8900    -1.0900     74    -5.0000    -2.8900    -1.1400
    75    -2.5000    -2.8900    -1.1700     76      .0000    -2.8900    -1.1800
    77     2.5000    -2.8900    -1.1700     78     5.0000    -2.8900    -1.1400
    79     7.5000    -2.8900    -1.0900     80    -8.7500     -.7200    -1.0700
    81    -6.2500     -.7200    -1.1300     82    -3.7500     -.7200    -1.1700
    83    -1.2500     -.7200    -1.1900     84     1.2500     -.7200    -1.1900
    85     3.7500     -.7200    -1.1700     86     6.2500     -.7200    -1.1300
    87     8.7500     -.7200    -1.0700     88    -7.5000     1.4400    -1.1000
    89    -5.0000     1.4400    -1.1500     90    -2.5000     1.4400    -1.1800
    91      .0000     1.4400    -1.1900     92     2.5000     1.4400    -1.1800
    93     5.0000     1.4400    -1.1500     94     7.5000     1.4400    -1.1000
    95    -6.2500     3.6100    -1.1100     96    -3.7500     3.6100    -1.1500
    97    -1.2500     3.6100    -1.1700     98     1.2500     3.6100    -1.1700
    99     3.7500     3.6100    -1.1500    100     6.2500     3.6100    -1.1100
   101    -5.0000     5.7700    -1.1000    102    -2.5000     5.7700    -1.1300
   103      .0000     5.7700    -1.1400    104     2.5000     5.7700    -1.1300
   105     5.0000     5.7700    -1.1000    106    -3.7500     7.9400    -1.0700
   107    -1.2500     7.9400    -1.0900    108     1.2500     7.9400    -1.0900
   109     3.7500     7.9400    -1.0700
     No. of load cases:  1
        1     loadp1.dat                                                                      

   2. Loads & Result Data

      Only Analysis

      1> Load case   1
       (1) Loads
        Load types: 1-selfweight;         2-joint loads;
                    3-temperature change; 4-support joint displacements.
        Number of load type(s): ifn=  2
        Load type(s):    1    2
        Dead load factor: gam=   1.200
        Joint self-weight: gg(kN)=   -.700
        M-dencity w(kN/mm3):    1  -.7740E-07,    2  -.7740E-07,    3  -.7740E-07,
    4  -.2650E-07,    5  -.2650E-07,

     Weight (members & joints)
     Network Weight =    -.14874E+02  Ton

     Joint Load
     No      X(kN)       Y(kN)       Z(kN)       No      X(kN)       Y(kN)       Z(kN)
     21     .000E+00    .000E+00   -.120E+01     22     .000E+00    .000E+00   -.120E+01
     29     .000E+00    .000E+00   -.120E+01     30     .000E+00    .000E+00   -.120E+01
     31     .000E+00    .000E+00   -.120E+01     40     .000E+00    .000E+00   -.120E+01
     83     .000E+00    .000E+00   -.120E+01     84     .000E+00    .000E+00   -.120E+01
     90     .000E+00    .000E+00   -.120E+01     91     .000E+00    .000E+00   -.120E+01
     92     .000E+00    .000E+00   -.120E+01     97     .000E+00    .000E+00   -.120E+01
     98     .000E+00    .000E+00   -.120E+01

     Boundary conditions (Joint-No.BC(xyz)):
      1.111      9.111     34.111     35.111     57.111
     61.111

       (2) Results

               Node Displacement
     No     U(mm)     V(mm)     W(mm)       No     U(mm)     V(mm)     W(mm)
      1       .00       .00       .00        2       .26       .13     -3.34
      3       .03       .10     -3.62        4       .11       .16     -4.80
      5       .00       .09     -4.61        6      -.10       .16     -4.80
      7      -.03       .10     -3.62        8      -.26       .13     -3.34
      9       .00       .00       .00       10       .25       .23     -1.77
     11      -.25       .23     -1.77       12       .23       .16     -3.87
     13       .14       .16     -5.29       14       .00       .18     -5.87
     15      -.13       .16     -5.29       16      -.23       .16     -3.87
     17       .25       .15     -2.43       18      -.25       .15     -2.43
     19       .24       .13     -3.88       20       .17       .11     -5.55
     21       .06       .11     -6.58       22      -.06       .11     -6.58
     23      -.17       .11     -5.56       24      -.24       .13     -3.89
     25       .31       .10     -1.79       26      -.31       .10     -1.80
     27       .23       .16     -3.36       28       .19       .05     -5.31
     29       .11       .01     -6.59       30       .00       .01     -7.08
     31      -.11       .01     -6.61       32      -.19       .05     -5.32
     33      -.23       .16     -3.37       34       .00       .00       .00
     35       .00       .00       .00       36       .09      -.02     -3.66
     37       .18       .02     -4.83       38       .15      -.08     -5.92
     39       .06      -.10     -6.63       40      -.05      -.10     -6.65
     41      -.15      -.08     -5.94       42      -.18       .02     -4.85
     43      -.09      -.02     -3.67       44       .06      -.04     -4.66
     45       .07      -.17     -4.85       46       .06      -.19     -5.36
     47       .00      -.20     -5.63       48      -.06      -.19     -5.38
     49      -.07      -.17     -4.87       50      -.06      -.04     -4.69
     51       .06      -.08     -3.66       52      -.02      -.28     -3.39
     53       .02      -.28     -3.93       54      -.02      -.28     -3.93
     55       .02      -.28     -3.40       56      -.06      -.07     -3.68
     57       .00       .00       .00       58       .08      -.33     -1.78
     59       .00      -.30     -2.45       60      -.07      -.33     -1.79
     61       .00       .00       .00       62      -.38      -.85     -1.51
     63      -.28      -.22     -3.94       64       .00      -.09     -4.78
     65       .28      -.22     -3.94       66       .38      -.85     -1.51
     67      -.40      -.46     -2.67       68      -.43      -.45     -4.16
     69      -.17      -.23     -5.35       70       .17      -.23     -5.35
     71       .43      -.45     -4.16       72       .40      -.46     -2.67
     73      -.60      -.13     -2.69       74      -.50      -.29     -4.45
     75      -.31      -.26     -5.85       76       .00      -.20     -6.40
     77       .31      -.26     -5.86       78       .50      -.29     -4.46
     79       .60      -.13     -2.69       80      -.94       .08     -1.59
     81      -.62      -.15     -4.20       82      -.39      -.14     -5.88
     83      -.14      -.08     -6.85       84       .14      -.08     -6.85
     85       .39      -.14     -5.89       86       .62      -.15     -4.21
     87       .94       .08     -1.59       88      -.35      -.14     -3.98
     89      -.29      -.03     -5.40       90      -.18       .10     -6.46
     91       .00       .16     -6.88       92       .18       .10     -6.49
     93       .30      -.03     -5.42       94       .35      -.14     -4.00
     95      -.09       .05     -4.83       96      -.12       .26     -5.41
     97      -.07       .40     -5.92       98       .07       .40     -5.93
     99       .12       .26     -5.43      100       .09       .05     -4.85
    101      -.05       .36     -3.98      102      -.18       .61     -4.21
    103       .00       .58     -4.50      104       .18       .61     -4.22
    105       .05       .36     -3.99      106      -.54       .77     -1.53
    107      -.20       .59     -2.68      108       .20       .59     -2.68
    109       .54       .78     -1.53

      No     I     J Mat     N(kN)  f(N/mm2)   A(mm2)   L(m)   r(mm)  Phi    LMDA
 --    1     1     2  1     26.667    28.31   942.00   2.432      3  1.000   125.
 --    2     1     3  1      6.128     6.51   942.00   2.440      3  1.000   126.
 --    3     2     3  1     -7.323   -17.21   942.00   2.461      3   .452   127.
 --    4     3     4  1      9.056     9.61   942.00   2.462      3  1.000   127.
 --    5     3     5  1     -2.190    -5.28   942.00   2.500      3   .440   129.
 --    6     4     5  1       .873      .93   942.00   2.462      3  1.000   127.
 --    7     5     6  1       .907      .96   942.00   2.462      3  1.000   127.
 --    8     5     7  1     -2.207    -5.32   942.00   2.500      3   .440   129.
 --    9     6     7  1      9.036     9.59   942.00   2.462      3  1.000   127.
 --   10     7     8  1     -7.303   -17.16   942.00   2.461      3   .452   127.
 --   11     7     9  1      6.091     6.47   942.00   2.440      3  1.000   126.
 --   12     8     9  1     26.694    28.34   942.00   2.432      3  1.000   125.
 --   13     1    10  1      7.427     7.88   942.00   2.461      3  1.000   127.
 --   14     9    11  1      7.471     7.93   942.00   2.461      3  1.000   127.
 --   15    10    12  1     -1.806    -4.26   942.00   2.467      3   .450   127.
 --   16     2    10  1      2.565     2.72   942.00   2.440      3  1.000   126.
 --   17     2    12  1      3.430     3.64   942.00   2.496      3  1.000   129.
 --   18     2    13  1       .231      .25   942.00   2.496      3  1.000   129.
 --   19     2     4  1    -10.800   -26.03   942.00   2.500      3   .440   129.
 --   20     4    13  1      -.678    -1.63   942.00   2.496      3   .442   129.
 --   21     4    14  1     -1.154    -2.77   942.00   2.496      3   .442   129.
 --   22     4     6  1    -16.315   -39.33   942.00   2.500      3   .440   129.
 --   23     6    14  1     -1.207    -2.90   942.00   2.496      3   .442   129.
 --   24     6    15  1      -.624    -1.50   942.00   2.496      3   .442   129.
 --   25     6     8  1    -10.824   -26.09   942.00   2.500      3   .440   129.
 --   26     8    15  1       .226      .24   942.00   2.496      3  1.000   129.
 --   27     8    16  1      3.456     3.67   942.00   2.496      3  1.000   129.
 --   28     8    11  1      2.544     2.70   942.00   2.440      3  1.000   126.
 --   29    11    16  1     -1.786    -4.21   942.00   2.467      3   .450   127.
 --   30    10    17  1     -5.355   -12.87   942.00   2.496      3   .442   129.
 --   31    11    18  1     -5.348   -12.85   942.00   2.496      3   .442   129.
 --   32    17    19  1       .434      .46   942.00   2.475      3  1.000   128.
 --   33    12    17  1       .505      .54   942.00   2.441      3  1.000   126.
 --   34    12    19  1     -2.515    -6.08   942.00   2.504      3   .439   129.
 --   35    12    20  1     -3.637    -8.79   942.00   2.505      3   .439   129.
 --   36    12    13  1     -5.847   -14.10   942.00   2.500      3   .440   129.
 --   37    13    20  1     -4.477   -10.82   942.00   2.504      3   .439   129.
 --   38    13    21  1     -4.887   -11.82   942.00   2.504      3   .439   129.
 --   39    13    14  1    -10.296   -24.82   942.00   2.500      3   .440   129.
 --   40    14    21  1     -6.529   -15.78   942.00   2.504      3   .439   129.
 --   41    14    22  1     -6.442   -15.57   942.00   2.504      3   .439   129.
 --   42    14    15  1    -10.321   -24.88   942.00   2.500      3   .440   129.
 --   43    15    22  1     -4.923   -11.90   942.00   2.504      3   .439   129.
 --   44    15    23  1     -4.439   -10.73   942.00   2.504      3   .439   129.
 --   45    15    16  1     -5.886   -14.19   942.00   2.500      3   .440   129.
 --   46    16    23  1     -3.626    -8.77   942.00   2.505      3   .439   129.
 --   47    16    24  1     -2.510    -6.07   942.00   2.504      3   .439   129.
 --   48    16    18  1       .477      .51   942.00   2.441      3  1.000   126.
 --   49    18    24  1       .462      .49   942.00   2.475      3  1.000   128.
 --   50    17    25  1     -5.247   -12.68   942.00   2.504      3   .439   129.
 --   51    18    26  1     -5.265   -12.73   942.00   2.504      3   .439   129.
 --   52    25    27  1      2.650     2.81   942.00   2.423      3  1.000   125.
 --   53    19    25  1     -1.659    -3.84   942.00   2.441      3   .458   126.
 --   54    19    27  1      3.181     3.38   942.00   2.453      3  1.000   126.
 --   55    19    28  1     -5.992   -14.00   942.00   2.453      3   .454   126.
 --   56    19    20  1     -3.520    -8.49   942.00   2.500      3   .440   129.
 --   57    20    28  1     -4.792   -11.19   942.00   2.452      3   .454   126.
 --   58    20    29  1     -8.048   -18.80   942.00   2.453      3   .454   126.
 --   59    20    21  1     -7.795   -18.79   942.00   2.500      3   .440   129.
 --   60    21    29  1     -8.946   -20.90   942.00   2.452      3   .455   126.
 --   61    21    30  1     -9.057   -21.15   942.00   2.452      3   .454   126.
 --   62    21    22  1     -9.092   -21.92   942.00   2.500      3   .440   129.
 --   63    22    30  1     -9.157   -21.39   942.00   2.452      3   .454   126.
 --   64    22    31  1     -8.882   -20.75   942.00   2.452      3   .455   126.
 --   65    22    23  1     -7.859   -18.95   942.00   2.500      3   .440   129.
 --   66    23    31  1     -8.062   -18.83   942.00   2.453      3   .454   126.
 --   67    23    32  1     -4.812   -11.24   942.00   2.452      3   .454   126.
 --   68    23    24  1     -3.573    -8.62   942.00   2.500      3   .440   129.
 --   69    24    32  1     -5.999   -14.01   942.00   2.453      3   .454   126.
 --   70    24    33  1      3.183     3.38   942.00   2.453      3  1.000   126.
 --   71    24    26  1     -1.707    -3.96   942.00   2.441      3   .458   126.
 --   72    26    33  1      2.698     2.86   942.00   2.423      3  1.000   125.
 --   73    25    34  1      7.830     8.31   942.00   2.453      3  1.000   126.
 --   74    26    35  1      7.807     8.29   942.00   2.453      3  1.000   126.
 --   75    34    36  1      6.828     7.25   942.00   2.453      3  1.000   126.
 --   76    27    34  1     26.661    28.30   942.00   2.441      3  1.000   126.
 --   77    27    36  1     -7.717   -17.67   942.00   2.423      3   .464   125.
 --   78    27    37  1    -10.638   -24.85   942.00   2.453      3   .454   126.
 --   79    27    28  1       .315      .33   942.00   2.500      3  1.000   129.
 --   80    28    37  1     -1.106    -2.58   942.00   2.453      3   .454   126.
 --   81    28    38  1    -10.451   -24.41   942.00   2.452      3   .454   126.
 --   82    28    29  1     -4.680   -11.28   942.00   2.500      3   .440   129.
 --   83    29    38  1     -7.199   -16.82   942.00   2.453      3   .454   126.
 --   84    29    39  1     -9.713   -22.69   942.00   2.452      3   .455   126.
 --   85    29    30  1     -8.641   -20.83   942.00   2.500      3   .440   129.
 --   86    30    39  1     -9.295   -21.71   942.00   2.452      3   .454   126.
 --   87    30    40  1     -9.211   -21.51   942.00   2.452      3   .454   126.
 --   88    30    31  1     -8.699   -20.97   942.00   2.500      3   .440   129.
 --   89    31    40  1     -9.858   -23.03   942.00   2.452      3   .455   126.
 --   90    31    41  1     -7.325   -17.11   942.00   2.453      3   .454   126.
 --   91    31    32  1     -4.767   -11.49   942.00   2.500      3   .440   129.
 --   92    32    41  1    -10.519   -24.57   942.00   2.452      3   .454   126.
 --   93    32    42  1     -1.129    -2.64   942.00   2.453      3   .454   126.
 --   94    32    33  1       .249      .26   942.00   2.500      3  1.000   129.
 --   95    33    42  1    -10.680   -24.95   942.00   2.453      3   .454   126.
 --   96    33    43  1     -7.733   -17.71   942.00   2.423      3   .464   125.
 --   97    33    35  1     26.658    28.30   942.00   2.441      3  1.000   126.
 --   98    35    43  1      6.837     7.26   942.00   2.453      3  1.000   126.
 --   99    36    44  1     -1.818    -4.39   942.00   2.504      3   .439   129.
 --  100    36    37  1      9.473    10.06   942.00   2.441      3  1.000   126.
 --  101    37    44  1       .596      .63   942.00   2.475      3  1.000   128.
 --  102    37    45  1    -16.389   -39.62   942.00   2.504      3   .439   129.
 --  103    37    38  1     -1.030    -2.48   942.00   2.500      3   .440   129.
 --  104    38    45  1     -1.516    -3.66   942.00   2.505      3   .439   129.
 --  105    38    46  1    -10.615   -25.66   942.00   2.504      3   .439   129.
 --  106    38    39  1     -6.602   -15.91   942.00   2.500      3   .440   129.
 --  107    39    46  1     -5.493   -13.28   942.00   2.504      3   .439   129.
 --  108    39    47  1     -8.548   -20.67   942.00   2.504      3   .439   129.
 --  109    39    40  1     -8.472   -20.42   942.00   2.500      3   .440   129.
 --  110    40    47  1     -8.609   -20.81   942.00   2.504      3   .439   129.
 --  111    40    48  1     -5.593   -13.52   942.00   2.504      3   .439   129.
 --  112    40    41  1     -6.799   -16.39   942.00   2.500      3   .440   129.
 --  113    41    48  1    -10.683   -25.83   942.00   2.504      3   .439   129.
 --  114    41    49  1     -1.531    -3.70   942.00   2.505      3   .439   129.
 --  115    41    42  1     -1.074    -2.59   942.00   2.500      3   .440   129.
 --  116    42    49  1    -16.481   -39.84   942.00   2.504      3   .439   129.
 --  117    42    50  1       .602      .64   942.00   2.475      3  1.000   128.
 --  118    42    43  1      9.490    10.07   942.00   2.441      3  1.000   126.
 --  119    43    50  1     -1.826    -4.41   942.00   2.504      3   .439   129.
 --  120    44    51  1     -2.102    -5.05   942.00   2.496      3   .442   129.
 --  121    44    45  1      1.220     1.30   942.00   2.441      3  1.000   126.
 --  122    45    51  1      8.873     9.42   942.00   2.467      3  1.000   127.
 --  123    45    52  1    -10.825   -26.02   942.00   2.496      3   .442   129.
 --  124    45    46  1      -.504    -1.22   942.00   2.500      3   .440   129.
 --  125    46    52  1       .092      .10   942.00   2.496      3  1.000   129.
 --  126    46    53  1     -6.295   -15.13   942.00   2.496      3   .442   129.
 --  127    46    47  1     -4.547   -10.96   942.00   2.500      3   .440   129.
 --  128    47    53  1     -3.837    -9.22   942.00   2.496      3   .442   129.
 --  129    47    54  1     -3.924    -9.43   942.00   2.496      3   .442   129.
 --  130    47    48  1     -4.731   -11.40   942.00   2.500      3   .440   129.
 --  131    48    54  1     -6.276   -15.09   942.00   2.496      3   .442   129.
 --  132    48    55  1       .044      .05   942.00   2.496      3  1.000   129.
 --  133    48    49  1      -.582    -1.40   942.00   2.500      3   .440   129.
 --  134    49    55  1    -10.869   -26.13   942.00   2.496      3   .442   129.
 --  135    49    56  1      8.915     9.46   942.00   2.467      3  1.000   127.
 --  136    49    50  1      1.215     1.29   942.00   2.441      3  1.000   126.
 --  137    50    56  1     -2.104    -5.06   942.00   2.496      3   .442   129.
 --  138    51    57  1      6.041     6.41   942.00   2.461      3  1.000   127.
 --  139    51    52  1     -7.077   -16.40   942.00   2.440      3   .458   126.
 --  140    52    57  1     26.783    28.43   942.00   2.432      3  1.000   125.
 --  141    52    58  1      2.588     2.75   942.00   2.461      3  1.000   127.
 --  142    52    53  1      3.359     3.57   942.00   2.500      3  1.000   129.
 --  143    53    58  1     -1.732    -4.07   942.00   2.462      3   .452   127.
 --  144    53    59  1       .419      .44   942.00   2.462      3  1.000   127.
 --  145    53    54  1     -2.690    -6.48   942.00   2.500      3   .440   129.
 --  146    54    59  1       .473      .50   942.00   2.462      3  1.000   127.
 --  147    54    60  1     -1.811    -4.26   942.00   2.462      3   .452   127.
 --  148    54    55  1      3.299     3.50   942.00   2.500      3  1.000   129.
 --  149    55    60  1      2.668     2.83   942.00   2.461      3  1.000   127.
 --  150    55    61  1     26.760    28.41   942.00   2.432      3  1.000   125.
 --  151    55    56  1     -7.119   -16.49   942.00   2.440      3   .458   126.
 --  152    56    61  1      6.082     6.46   942.00   2.461      3  1.000   127.
 --  153    57    58  1      7.775     8.25   942.00   2.440      3  1.000   126.
 --  154    58    59  1     -5.621   -13.55   942.00   2.500      3   .440   129.
 --  155    59    60  1     -5.655   -13.63   942.00   2.500      3   .440   129.
 --  156    60    61  1      7.689     8.16   942.00   2.440      3  1.000   126.
 --  157     1    62  1     43.316    45.98   942.00   1.820      3  1.000    94.
 --  158    10    62  1    -12.238   -19.42   942.00   1.861      3   .669    96.
 --  159     2    62  1    -30.586   -48.95   942.00   1.875      3   .663    97.
 --  160     3    63  1     -2.024    -3.13   942.00   1.819      3   .686    94.
 --  161     2    63  1     17.188    18.25   942.00   1.894      3  1.000    98.
 --  162     4    63  1    -12.766   -20.51   942.00   1.881      3   .661    97.
 --  163     5    64  1     -2.081    -3.22   942.00   1.819      3   .686    94.
 --  164     4    64  1      2.155     2.29   942.00   1.888      3  1.000    97.
 --  165     6    64  1      2.152     2.28   942.00   1.888      3  1.000    97.
 --  166     7    65  1     -2.024    -3.13   942.00   1.819      3   .686    94.
 --  167     6    65  1    -12.773   -20.52   942.00   1.881      3   .661    97.
 --  168     8    65  1     17.195    18.25   942.00   1.894      3  1.000    98.
 --  169     9    66  1     43.354    46.02   942.00   1.820      3  1.000    94.
 --  170     8    66  1    -30.612   -48.99   942.00   1.875      3   .663    97.
 --  171    11    66  1    -12.250   -19.44   942.00   1.861      3   .669    96.
 --  172    10    67  1      9.965    10.58   942.00   1.850      3  1.000    95.
 --  173    17    67  1     -1.080    -1.72   942.00   1.864      3   .668    96.
 --  174    12    67  1     -7.043   -11.24   942.00   1.871      3   .665    96.
 --  175     2    68  1     10.810    11.48   942.00   1.849      3  1.000    95.
 --  176    12    68  1      -.582     -.94   942.00   1.896      3   .655    98.
 --  177    13    68  1     -8.131   -13.03   942.00   1.877      3   .663    97.
 --  178     4    69  1      7.629     8.10   942.00   1.849      3  1.000    95.
 --  179    13    69  1      -.461     -.74   942.00   1.890      3   .658    97.
 --  180    14    69  1     -4.976    -8.00   942.00   1.884      3   .660    97.
 --  181     6    70  1      7.639     8.11   942.00   1.849      3  1.000    95.
 --  182    14    70  1     -4.963    -7.98   942.00   1.884      3   .660    97.
 --  183    15    70  1      -.484     -.78   942.00   1.890      3   .658    97.
 --  184     8    71  1     10.830    11.50   942.00   1.849      3  1.000    95.
 --  185    15    71  1     -8.144   -13.05   942.00   1.877      3   .663    97.
 --  186    16    71  1      -.590     -.96   942.00   1.896      3   .655    98.
 --  187    11    72  1      9.977    10.59   942.00   1.850      3  1.000    95.
 --  188    16    72  1     -7.059   -11.27   942.00   1.871      3   .665    96.
 --  189    18    72  1     -1.078    -1.71   942.00   1.864      3   .668    96.
 --  190    17    73  1     -1.213    -1.91   942.00   1.844      3   .676    95.
 --  191    25    73  1     10.341    10.98   942.00   1.874      3  1.000    97.
 --  192    19    73  1     -7.164   -11.47   942.00   1.875      3   .663    97.
 --  193    12    74  1      4.750     5.04   942.00   1.843      3  1.000    95.
 --  194    19    74  1      4.919     5.22   942.00   1.907      3  1.000    98.
 --  195    20    74  1     -7.468   -12.00   942.00   1.881      3   .661    97.
 --  196    13    75  1      5.574     5.92   942.00   1.843      3  1.000    95.
 --  197    20    75  1      2.117     2.25   942.00   1.900      3  1.000    98.
 --  198    21    75  1     -5.660    -9.13   942.00   1.888      3   .658    97.
 --  199    14    76  1      6.806     7.22   942.00   1.843      3  1.000    95.
 --  200    21    76  1     -2.387    -3.86   942.00   1.894      3   .656    98.
 --  201    22    76  1     -2.452    -3.97   942.00   1.894      3   .656    98.
 --  202    15    77  1      5.608     5.95   942.00   1.843      3  1.000    95.
 --  203    22    77  1     -5.662    -9.13   942.00   1.888      3   .658    97.
 --  204    23    77  1      2.082     2.21   942.00   1.900      3  1.000    98.
 --  205    16    78  1      4.774     5.07   942.00   1.843      3  1.000    95.
 --  206    23    78  1     -7.495   -12.04   942.00   1.881      3   .661    97.
 --  207    24    78  1      4.920     5.22   942.00   1.907      3  1.000    98.
 --  208    18    79  1     -1.216    -1.91   942.00   1.844      3   .676    95.
 --  209    24    79  1     -7.194   -11.51   942.00   1.875      3   .663    97.
 --  210    26    79  1     10.373    11.01   942.00   1.874      3  1.000    97.
 --  211    25    80  1    -12.276   -19.21   942.00   1.837      3   .678    95.
 --  212    34    80  1     44.243    46.97   942.00   1.863      3  1.000    96.
 --  213    27    80  1    -30.233   -47.70   942.00   1.851      3   .673    95.
 --  214    19    81  1      -.460     -.72   942.00   1.836      3   .679    95.
 --  215    27    81  1     10.924    11.60   942.00   1.889      3  1.000    97.
 --  216    28    81  1     -8.040   -12.73   942.00   1.857      3   .670    96.
 --  217    20    82  1      2.365     2.51   942.00   1.836      3  1.000    95.
 --  218    28    82  1      5.628     5.97   942.00   1.883      3  1.000    97.
 --  219    29    82  1     -5.850    -9.30   942.00   1.864      3   .668    96.
 --  220    21    83  1      3.005     3.19   942.00   1.836      3  1.000    95.
 --  221    29    83  1      2.667     2.83   942.00   1.876      3  1.000    97.
 --  222    30    83  1     -1.809    -2.89   942.00   1.870      3   .665    96.
 --  223    22    84  1      3.069     3.26   942.00   1.836      3  1.000    95.
 --  224    30    84  1     -1.712    -2.73   942.00   1.870      3   .665    96.
 --  225    31    84  1      2.502     2.66   942.00   1.876      3  1.000    97.
 --  226    23    85  1      2.424     2.57   942.00   1.836      3  1.000    95.
 --  227    31    85  1     -5.925    -9.42   942.00   1.864      3   .668    96.
 --  228    32    85  1      5.641     5.99   942.00   1.883      3  1.000    97.
 --  229    24    86  1      -.432     -.68   942.00   1.836      3   .679    95.
 --  230    32    86  1     -8.101   -12.83   942.00   1.857      3   .670    96.
 --  231    33    86  1     10.957    11.63   942.00   1.889      3  1.000    97.
 --  232    26    87  1    -12.307   -19.26   942.00   1.837      3   .678    95.
 --  233    33    87  1    -30.347   -47.88   942.00   1.851      3   .673    95.
 --  234    35    87  1     44.386    47.12   942.00   1.863      3  1.000    96.
 --  235    27    88  1     17.280    18.34   942.00   1.868      3  1.000    96.
 --  236    36    88  1     -1.998    -3.13   942.00   1.838      3   .678    95.
 --  237    37    88  1    -12.853   -20.13   942.00   1.839      3   .678    95.
 --  238    28    89  1      -.389     -.62   942.00   1.868      3   .666    96.
 --  239    37    89  1      8.036     8.53   942.00   1.871      3  1.000    96.
 --  240    38    89  1     -5.264    -8.28   942.00   1.845      3   .675    95.
 --  241    29    90  1     -1.697    -2.70   942.00   1.868      3   .666    96.
 --  242    38    90  1      7.293     7.74   942.00   1.864      3  1.000    96.
 --  243    39    90  1     -1.607    -2.54   942.00   1.851      3   .673    95.
 --  244    30    91  1     -1.432    -2.28   942.00   1.868      3   .666    96.
 --  245    39    91  1      3.117     3.31   942.00   1.858      3  1.000    96.
 --  246    40    91  1      2.183     2.32   942.00   1.858      3  1.000    96.
 --  247    31    92  1     -1.458    -2.32   942.00   1.868      3   .666    96.
 --  248    40    92  1     -2.043    -3.22   942.00   1.851      3   .673    95.
 --  249    41    92  1      7.488     7.95   942.00   1.864      3  1.000    96.
 --  250    32    93  1      -.341     -.54   942.00   1.868      3   .666    96.
 --  251    41    93  1     -5.379    -8.46   942.00   1.845      3   .675    95.
 --  252    42    93  1      8.103     8.60   942.00   1.871      3  1.000    96.
 --  253    33    94  1     17.363    18.43   942.00   1.868      3  1.000    96.
 --  254    42    94  1    -12.935   -20.26   942.00   1.839      3   .678    95.
 --  255    43    94  1     -1.997    -3.13   942.00   1.838      3   .678    95.
 --  256    37    95  1      2.252     2.39   942.00   1.909      3  1.000    98.
 --  257    44    95  1     -2.102    -3.29   942.00   1.838      3   .678    95.
 --  258    45    95  1      2.021     2.15   942.00   1.845      3  1.000    95.
 --  259    38    96  1     -5.044    -8.24   942.00   1.909      3   .650    98.
 --  260    45    96  1      8.040     8.53   942.00   1.871      3  1.000    96.
 --  261    46    96  1      -.781    -1.23   942.00   1.851      3   .673    95.
 --  262    39    97  1     -4.638    -7.57   942.00   1.909      3   .650    98.
 --  263    46    97  1      6.200     6.58   942.00   1.864      3  1.000    96.
 --  264    47    97  1      2.301     2.44   942.00   1.858      3  1.000    96.
 --  265    40    98  1     -5.156    -8.42   942.00   1.909      3   .650    98.
 --  266    47    98  1      2.685     2.85   942.00   1.858      3  1.000    96.
 --  267    48    98  1      6.318     6.71   942.00   1.864      3  1.000    96.
 --  268    41    99  1     -5.129    -8.37   942.00   1.909      3   .650    98.
 --  269    48    99  1      -.797    -1.26   942.00   1.851      3   .673    95.
 --  270    49    99  1      8.136     8.64   942.00   1.871      3  1.000    96.
 --  271    42   100  1      2.268     2.41   942.00   1.909      3  1.000    98.
 --  272    49   100  1      2.004     2.13   942.00   1.845      3  1.000    95.
 --  273    50   100  1     -2.102    -3.29   942.00   1.838      3   .678    95.
 --  274    45   101  1    -13.098   -21.20   942.00   1.894      3   .656    98.
 --  275    51   101  1     -2.047    -3.20   942.00   1.838      3   .678    95.
 --  276    52   101  1     17.030    18.08   942.00   1.851      3  1.000    95.
 --  277    46   102  1     -8.448   -13.68   942.00   1.894      3   .656    98.
 --  278    52   102  1     11.053    11.73   942.00   1.871      3  1.000    96.
 --  279    53   102  1      -.459     -.73   942.00   1.858      3   .670    96.
 --  280    47   103  1     -8.076   -13.07   942.00   1.894      3   .656    98.
 --  281    53   103  1      5.096     5.41   942.00   1.864      3  1.000    96.
 --  282    54   103  1      5.055     5.37   942.00   1.864      3  1.000    96.
 --  283    48   104  1     -8.554   -13.85   942.00   1.894      3   .656    98.
 --  284    54   104  1      -.388     -.61   942.00   1.858      3   .670    96.
 --  285    55   104  1     11.084    11.77   942.00   1.871      3  1.000    96.
 --  286    49   105  1    -13.179   -21.34   942.00   1.894      3   .656    98.
 --  287    55   105  1     17.108    18.16   942.00   1.851      3  1.000    95.
 --  288    56   105  1     -2.046    -3.20   942.00   1.838      3   .678    95.
 --  289    52   106  1    -31.277   -50.69   942.00   1.896      3   .655    98.
 --  290    57   106  1     44.125    46.84   942.00   1.820      3  1.000    94.
 --  291    58   106  1    -12.570   -19.71   942.00   1.840      3   .677    95.
 --  292    53   107  1     -7.550   -12.24   942.00   1.896      3   .655    98.
 --  293    58   107  1     10.454    11.10   942.00   1.853      3  1.000    96.
 --  294    59   107  1     -1.149    -1.81   942.00   1.847      3   .675    95.
 --  295    54   108  1     -7.583   -12.29   942.00   1.896      3   .655    98.
 --  296    59   108  1     -1.139    -1.79   942.00   1.847      3   .675    95.
 --  297    60   108  1     10.476    11.12   942.00   1.853      3  1.000    96.
 --  298    55   109  1    -31.390   -50.87   942.00   1.896      3   .655    98.
 --  299    60   109  1    -12.592   -19.74   942.00   1.840      3   .677    95.
 --  300    61   109  1     44.253    46.98   942.00   1.820      3  1.000    94.
 --  301    62    68  1     29.690    31.52   942.00   2.505      3  1.000   129.
 --  302    62    63  1     10.160    10.79   942.00   2.500      3  1.000   129.
 --  303    63    68  1     -9.781   -23.65   942.00   2.504      3   .439   129.
 --  304    63    69  1      6.000     6.37   942.00   2.505      3  1.000   129.
 --  305    63    64  1     22.109    23.47   942.00   2.500      3  1.000   129.
 --  306    64    69  1     -1.907    -4.61   942.00   2.505      3   .439   129.
 --  307    64    70  1     -1.917    -4.63   942.00   2.505      3   .439   129.
 --  308    64    65  1     22.116    23.48   942.00   2.500      3  1.000   129.
 --  309    65    70  1      6.012     6.38   942.00   2.505      3  1.000   129.
 --  310    65    71  1     -9.794   -23.68   942.00   2.504      3   .439   129.
 --  311    65    66  1     10.170    10.80   942.00   2.500      3  1.000   129.
 --  312    66    71  1     29.714    31.54   942.00   2.505      3  1.000   129.
 --  313    62    67  1     27.726    29.43   942.00   2.504      3  1.000   129.
 --  314    66    72  1     27.753    29.46   942.00   2.504      3  1.000   129.
 --  315    67    74  1     10.350    10.99   942.00   2.496      3  1.000   129.
 --  316    67    68  1      -.343     -.83   942.00   2.500      3   .440   129.
 --  317    68    74  1     13.785    14.63   942.00   2.496      3  1.000   129.
 --  318    68    75  1     19.654    20.86   942.00   2.496      3  1.000   129.
 --  319    68    69  1     21.446    22.77   942.00   2.500      3  1.000   129.
 --  320    69    75  1      3.935     4.18   942.00   2.496      3  1.000   129.
 --  321    69    76  1      9.354     9.93   942.00   2.496      3  1.000   129.
 --  322    69    70  1     25.675    27.26   942.00   2.500      3  1.000   129.
 --  323    70    76  1      9.383     9.96   942.00   2.496      3  1.000   129.
 --  324    70    77  1      3.921     4.16   942.00   2.496      3  1.000   129.
 --  325    70    71  1     21.481    22.80   942.00   2.500      3  1.000   129.
 --  326    71    77  1     19.690    20.90   942.00   2.496      3  1.000   129.
 --  327    71    78  1     13.788    14.64   942.00   2.496      3  1.000   129.
 --  328    71    72  1      -.314     -.76   942.00   2.500      3   .440   129.
 --  329    72    78  1     10.342    10.98   942.00   2.496      3  1.000   129.
 --  330    67    73  1     29.922    31.76   942.00   2.496      3  1.000   129.
 --  331    72    79  1     29.974    31.82   942.00   2.496      3  1.000   129.
 --  332    73    81  1      -.322     -.78   942.00   2.505      3   .439   129.
 --  333    73    74  1     10.346    10.98   942.00   2.500      3  1.000   129.
 --  334    74    81  1     13.816    14.67   942.00   2.504      3  1.000   129.
 --  335    74    82  1     15.675    16.64   942.00   2.504      3  1.000   129.
 --  336    74    75  1     15.882    16.86   942.00   2.500      3  1.000   129.
 --  337    75    82  1     10.743    11.40   942.00   2.504      3  1.000   129.
 --  338    75    83  1     19.365    20.56   942.00   2.504      3  1.000   129.
 --  339    75    76  1     24.591    26.10   942.00   2.500      3  1.000   129.
 --  340    76    83  1     13.483    14.31   942.00   2.504      3  1.000   129.
 --  341    76    84  1     13.455    14.28   942.00   2.504      3  1.000   129.
 --  342    76    77  1     24.632    26.15   942.00   2.500      3  1.000   129.
 --  343    77    84  1     19.451    20.65   942.00   2.504      3  1.000   129.
 --  344    77    85  1     10.727    11.39   942.00   2.504      3  1.000   129.
 --  345    77    78  1     15.972    16.96   942.00   2.500      3  1.000   129.
 --  346    78    85  1     15.680    16.65   942.00   2.504      3  1.000   129.
 --  347    78    86  1     13.839    14.69   942.00   2.504      3  1.000   129.
 --  348    78    79  1     10.414    11.05   942.00   2.500      3  1.000   129.
 --  349    79    86  1      -.351     -.85   942.00   2.505      3   .439   129.
 --  350    73    80  1     27.627    29.33   942.00   2.504      3  1.000   129.
 --  351    79    87  1     27.705    29.41   942.00   2.504      3  1.000   129.
 --  352    80    88  1     10.764    11.43   942.00   2.496      3  1.000   129.
 --  353    80    81  1     29.900    31.74   942.00   2.501      3  1.000   129.
 --  354    81    88  1     -9.602   -23.08   942.00   2.496      3   .442   129.
 --  355    81    89  1     21.499    22.82   942.00   2.496      3  1.000   129.
 --  356    81    82  1     19.898    21.12   942.00   2.500      3  1.000   129.
 --  357    82    89  1      4.117     4.37   942.00   2.496      3  1.000   129.
 --  358    82    90  1     24.524    26.03   942.00   2.496      3  1.000   129.
 --  359    82    83  1     19.796    21.02   942.00   2.500      3  1.000   129.
 --  360    83    90  1     13.651    14.49   942.00   2.496      3  1.000   129.
 --  361    83    91  1     21.486    22.81   942.00   2.496      3  1.000   129.
 --  362    83    84  1     21.793    23.14   942.00   2.500      3  1.000   129.
 --  363    84    91  1     21.615    22.95   942.00   2.496      3  1.000   129.
 --  364    84    92  1     13.664    14.51   942.00   2.496      3  1.000   129.
 --  365    84    85  1     19.974    21.20   942.00   2.500      3  1.000   129.
 --  366    85    92  1     24.560    26.07   942.00   2.496      3  1.000   129.
 --  367    85    93  1      4.151     4.41   942.00   2.496      3  1.000   129.
 --  368    85    86  1     20.007    21.24   942.00   2.500      3  1.000   129.
 --  369    86    93  1     21.556    22.88   942.00   2.496      3  1.000   129.
 --  370    86    94  1     -9.626   -23.14   942.00   2.496      3   .442   129.
 --  371    86    87  1     30.012    31.86   942.00   2.501      3  1.000   129.
 --  372    87    94  1     10.801    11.47   942.00   2.496      3  1.000   129.
 --  373    88    95  1     22.780    24.18   942.00   2.504      3  1.000   129.
 --  374    88    89  1      6.277     6.66   942.00   2.500      3  1.000   129.
 --  375    89    95  1     -1.959    -4.74   942.00   2.505      3   .439   129.
 --  376    89    96  1     26.083    27.69   942.00   2.504      3  1.000   129.
 --  377    89    90  1      9.922    10.53   942.00   2.500      3  1.000   129.
 --  378    90    96  1      9.622    10.21   942.00   2.504      3  1.000   129.
 --  379    90    97  1     24.646    26.16   942.00   2.504      3  1.000   129.
 --  380    90    91  1     13.843    14.70   942.00   2.500      3  1.000   129.
 --  381    91    97  1     19.639    20.85   942.00   2.504      3  1.000   129.
 --  382    91    98  1     19.934    21.16   942.00   2.504      3  1.000   129.
 --  383    91    92  1     14.259    15.14   942.00   2.500      3  1.000   129.
 --  384    92    98  1     24.920    26.45   942.00   2.504      3  1.000   129.
 --  385    92    99  1      9.710    10.31   942.00   2.504      3  1.000   129.
 --  386    92    93  1      9.995    10.61   942.00   2.500      3  1.000   129.
 --  387    93    99  1     26.247    27.86   942.00   2.504      3  1.000   129.
 --  388    93   100  1     -1.969    -4.76   942.00   2.505      3   .439   129.
 --  389    93    94  1      6.303     6.69   942.00   2.500      3  1.000   129.
 --  390    94   100  1     22.899    24.31   942.00   2.504      3  1.000   129.
 --  391    95   101  1     22.928    24.34   942.00   2.496      3  1.000   129.
 --  392    95    96  1     -1.867    -4.50   942.00   2.500      3   .440   129.
 --  393    96   101  1      6.112     6.49   942.00   2.496      3  1.000   129.
 --  394    96   102  1     22.055    23.41   942.00   2.496      3  1.000   129.
 --  395    96    97  1      4.263     4.53   942.00   2.500      3  1.000   129.
 --  396    97   102  1     20.119    21.36   942.00   2.496      3  1.000   129.
 --  397    97   103  1     16.475    17.49   942.00   2.496      3  1.000   129.
 --  398    97    98  1     11.195    11.88   942.00   2.500      3  1.000   129.
 --  399    98   103  1     16.316    17.32   942.00   2.496      3  1.000   129.
 --  400    98   104  1     20.169    21.41   942.00   2.496      3  1.000   129.
 --  401    98    99  1      4.348     4.62   942.00   2.500      3  1.000   129.
 --  402    99   104  1     22.166    23.53   942.00   2.496      3  1.000   129.
 --  403    99   105  1      6.143     6.52   942.00   2.496      3  1.000   129.
 --  404    99   100  1     -1.856    -4.47   942.00   2.500      3   .440   129.
 --  405   100   105  1     23.058    24.48   942.00   2.496      3  1.000   129.
 --  406   101   106  1     10.866    11.53   942.00   2.504      3  1.000   129.
 --  407   101   102  1     -9.824   -23.69   942.00   2.500      3   .440   129.
 --  408   102   106  1     30.154    32.01   942.00   2.505      3  1.000   129.
 --  409   102   107  1      -.068     -.16   942.00   2.505      3   .439   129.
 --  410   102   103  1     13.922    14.78   942.00   2.500      3  1.000   129.
 --  411   103   107  1     10.553    11.20   942.00   2.505      3  1.000   129.
 --  412   103   108  1     10.662    11.32   942.00   2.505      3  1.000   129.
 --  413   103   104  1     13.974    14.83   942.00   2.500      3  1.000   129.
 --  414   104   108  1      -.135     -.33   942.00   2.505      3   .439   129.
 --  415   104   109  1     30.244    32.11   942.00   2.505      3  1.000   129.
 --  416   104   105  1     -9.854   -23.76   942.00   2.500      3   .440   129.
 --  417   105   109  1     10.921    11.59   942.00   2.504      3  1.000   129.
 --  418   106   107  1     27.761    29.47   942.00   2.500      3  1.000   129.
 --  419   107   108  1     30.289    32.15   942.00   2.500      3  1.000   129.
 --  420   108   109  1     27.842    29.56   942.00   2.500      3  1.000   129.

     Support  Reactions
     No     X(kN)     Y(kN)     Z(kN)      No     X(kN)     Y(kN)     Z(kN)
      1    13.975    61.535   -30.209       9   -13.927    61.625   -30.235
     34    62.371   -17.958   -30.555      35   -62.453   -17.985   -30.650
     57    46.657   -43.578   -30.756      61   -46.622   -43.637   -30.841
