    np    ne
   109   420

       x         y         z
     -4.94     -8.56      0.16
     -3.75     -6.44      0.09
     -2.50     -8.56      0.13
     -1.25     -6.44      0.07
      0.00     -8.56      0.12
      1.25     -6.44      0.07
      2.50     -8.56      0.13
      3.75     -6.44      0.09
      4.94     -8.56      0.16
     -6.19     -6.44      0.13
      6.19     -6.44      0.13
     -5.00     -4.28      0.07
     -2.50     -4.28      0.04
      0.00     -4.28      0.03
      2.50     -4.28      0.04
      5.00     -4.28      0.07
     -7.44     -4.28      0.12
      7.44     -4.28      0.12
     -6.25     -2.11      0.07
     -3.75     -2.11      0.03
     -1.25     -2.11      0.01
      1.25     -2.11      0.01
      3.75     -2.11      0.03
      6.25     -2.11      0.07
     -8.69     -2.11      0.13
      8.69     -2.11      0.13
     -7.50      0.00      0.09
     -5.00      0.00      0.04
     -2.50      0.00      0.01
      0.00      0.00      0.00
      2.50      0.00      0.01
      5.00      0.00      0.04
      7.50      0.00      0.09
     -9.94      0.00      0.17
      9.94      0.00      0.17
     -8.69      2.11      0.13
     -6.25      2.11      0.07
     -3.75      2.11      0.03
     -1.25      2.11      0.01
      1.25      2.11      0.01
      3.75      2.11      0.03
      6.25      2.11      0.07
      8.69      2.11      0.13
     -7.44      4.28      0.12
     -5.00      4.28      0.07
     -2.50      4.28      0.04
      0.00      4.28      0.03
      2.50      4.28      0.04
      5.00      4.28      0.07
      7.44      4.28      0.12
     -6.19      6.44      0.13
     -3.75      6.44      0.09
     -1.25      6.44      0.07
      1.25      6.44      0.07
      3.75      6.44      0.09
      6.19      6.44      0.13
     -4.94      8.56      0.16
     -2.50      8.56      0.13
      0.00      8.56      0.12
      2.50      8.56      0.13
      4.94      8.56      0.16
     -5.00     -7.22     -1.07
     -2.50     -7.22     -1.10
      0.00     -7.22     -1.11
      2.50     -7.22     -1.10
      5.00     -7.22     -1.07
     -6.25     -5.05     -1.09
     -3.75     -5.05     -1.13
     -1.25     -5.05     -1.15
      1.25     -5.05     -1.15
      3.75     -5.05     -1.13
      6.25     -5.05     -1.09
     -7.50     -2.89     -1.09
     -5.00     -2.89     -1.14
     -2.50     -2.89     -1.17
      0.00     -2.89     -1.18
      2.50     -2.89     -1.17
      5.00     -2.89     -1.14
      7.50     -2.89     -1.09
     -8.75     -0.72     -1.07
     -6.25     -0.72     -1.13
     -3.75     -0.72     -1.17
     -1.25     -0.72     -1.19
      1.25     -0.72     -1.19
      3.75     -0.72     -1.17
      6.25     -0.72     -1.13
      8.75     -0.72     -1.07
     -7.50      1.44     -1.10
     -5.00      1.44     -1.15
     -2.50      1.44     -1.18
      0.00      1.44     -1.19
      2.50      1.44     -1.18
      5.00      1.44     -1.15
      7.50      1.44     -1.10
     -6.25      3.61     -1.11
     -3.75      3.61     -1.15
     -1.25      3.61     -1.17
      1.25      3.61     -1.17
      3.75      3.61     -1.15
      6.25      3.61     -1.11
     -5.00      5.77     -1.10
     -2.50      5.77     -1.13
      0.00      5.77     -1.14
      2.50      5.77     -1.13
      5.00      5.77     -1.10
     -3.75      7.94     -1.07
     -1.25      7.94     -1.09
      1.25      7.94     -1.09
      3.75      7.94     -1.07

     left      right
         1      2
         1      3
         2      3
         3      4
         3      5
         4      5
         5      6
         5      7
         6      7
         7      8
         7      9
         8      9
         1     10
         9     11
        10     12
        10      2
        12      2
         2     13
         2      4
        13      4
         4     14
         4      6
        14      6
         6     15
         6      8
        15      8
         8     16
         8     11
        16     11
        10     17
        11     18
        17     19
        17     12
        19     12
        12     20
        12     13
        20     13
        13     21
        13     14
        21     14
        14     22
        14     15
        22     15
        15     23
        15     16
        23     16
        16     24
        16     18
        24     18
        17     25
        18     26
        25     27
        25     19
        27     19
        19     28
        19     20
        28     20
        20     29
        20     21
        29     21
        21     30
        21     22
        30     22
        22     31
        22     23
        31     23
        23     32
        23     24
        32     24
        24     33
        24     26
        33     26
        25     34
        26     35
        34     36
        34     27
        36     27
        27     37
        27     28
        37     28
        28     38
        28     29
        38     29
        29     39
        29     30
        39     30
        30     40
        30     31
        40     31
        31     41
        31     32
        41     32
        32     42
        32     33
        42     33
        33     43
        33     35
        43     35
        36     44
        36     37
        44     37
        37     45
        37     38
        45     38
        38     46
        38     39
        46     39
        39     47
        39     40
        47     40
        40     48
        40     41
        48     41
        41     49
        41     42
        49     42
        42     50
        42     43
        50     43
        44     51
        44     45
        51     45
        45     52
        45     46
        52     46
        46     53
        46     47
        53     47
        47     54
        47     48
        54     48
        48     55
        48     49
        55     49
        49     56
        49     50
        56     50
        51     57
        51     52
        57     52
        52     58
        52     53
        58     53
        53     59
        53     54
        59     54
        54     60
        54     55
        60     55
        55     61
        55     56
        61     56
        57     58
        58     59
        59     60
        60     61
         1     62
        10     62
         2     62
         3     63
         2     63
         4     63
         5     64
         4     64
         6     64
         7     65
         6     65
         8     65
         9     66
         8     66
        11     66
        10     67
        17     67
        12     67
         2     68
        12     68
        13     68
         4     69
        13     69
        14     69
         6     70
        14     70
        15     70
         8     71
        15     71
        16     71
        11     72
        16     72
        18     72
        17     73
        25     73
        19     73
        12     74
        19     74
        20     74
        13     75
        20     75
        21     75
        14     76
        21     76
        22     76
        15     77
        22     77
        23     77
        16     78
        23     78
        24     78
        18     79
        24     79
        26     79
        25     80
        34     80
        27     80
        19     81
        27     81
        28     81
        20     82
        28     82
        29     82
        21     83
        29     83
        30     83
        22     84
        30     84
        31     84
        23     85
        31     85
        32     85
        24     86
        32     86
        33     86
        26     87
        33     87
        35     87
        27     88
        36     88
        37     88
        28     89
        37     89
        38     89
        29     90
        38     90
        39     90
        30     91
        39     91
        40     91
        31     92
        40     92
        41     92
        32     93
        41     93
        42     93
        33     94
        42     94
        43     94
        37     95
        44     95
        45     95
        38     96
        45     96
        46     96
        39     97
        46     97
        47     97
        40     98
        47     98
        48     98
        41     99
        48     99
        49     99
        42    100
        49    100
        50    100
        45    101
        51    101
        52    101
        46    102
        52    102
        53    102
        47    103
        53    103
        54    103
        48    104
        54    104
        55    104
        49    105
        55    105
        56    105
        52    106
        57    106
        58    106
        53    107
        58    107
        59    107
        54    108
        59    108
        60    108
        55    109
        60    109
        61    109
        62     68
        62     63
        63     68
        63     69
        63     64
        64     69
        64     70
        64     65
        65     70
        65     71
        65     66
        66     71
        62     67
        66     72
        67     74
        67     68
        68     74
        68     75
        68     69
        69     75
        69     76
        69     70
        70     76
        70     77
        70     71
        71     77
        71     78
        71     72
        72     78
        67     73
        72     79
        73     81
        73     74
        74     81
        74     82
        74     75
        75     82
        75     83
        75     76
        76     83
        76     84
        76     77
        77     84
        77     85
        77     78
        78     85
        78     86
        78     79
        79     86
        73     80
        79     87
        80     88
        80     81
        81     88
        81     89
        81     82
        82     89
        82     90
        82     83
        83     90
        83     91
        83     84
        84     91
        84     92
        84     85
        85     92
        85     93
        85     86
        86     93
        86     94
        86     87
        87     94
        88     95
        88     89
        89     95
        89     96
        89     90
        90     96
        90     97
        90     91
        91     97
        91     98
        91     92
        92     98
        92     99
        92     93
        93     99
        93    100
        93     94
        94    100
        95    101
        95     96
        96    101
        96    102
        96     97
        97    102
        97    103
        97     98
        98    103
        98    104
        98     99
        99    104
        99    105
        99    100
       100    105
       101    106
       101    102
       102    106
       102    107
       102    103
       103    107
       103    108
       103    104
       104    108
       104    109
       104    105
       105    109
       106    107
       107    108
       108    109
